/* Input for ass2 Stage 1 */ 
P  5.0 75.0 8000.0
P  5.0 75.0 8000.0
P  5.0 75.0 8000.0
P  5.0 75.0 8000.0
P 10.0 50.0 5000.0
P  5.0 75.0 8000.0
P  5.0 75.0 8000.0
P  5.0 75.0 8000.0
P  5.0 75.0 8000.0
P  5.0 75.0 8000.0
P  5.0 75.0 8000.0
P  5.0 75.0 8000.0
P  5.0 75.0 8000.0
P  5.0 75.0 8000.0
P  5.0 75.0 8000.0
P  5.0 75.0 8000.0
P  5.0 75.0 8000.0
P  5.0 75.0 8000.0
P  5.0 75.0 8000.0
P  5.0 75.0 8000.0
P  5.0 75.0 8000.0
P  5.0 75.0 8000.0
P  5.0 75.0 8000.0
P  5.0 75.0 8000.0
P  5.0 75.0 8000.0
P  5.0 75.0 8000.0
P  5.0 75.0 8000.0
P  5.0 75.0 8000.0
P  5.0 75.0 8000.0
P  5.0 75.0 8000.0
P  5.0 75.0 8000.0
P  5.0 75.0 8000.0
P  5.0 75.0 8000.0
P  5.0 75.0 8000.0
P  5.0 75.0 8000.0
P  5.0 75.0 8000.0
P  5.0 75.0 8000.0
P  5.0 75.0 8000.0
P  5.0 75.0 8000.0
P  5.0 75.0 8000.0
P  5.0 75.0 8000.0
P  5.0 75.0 8000.0
P  5.0 75.0 8000.0
P  5.0 75.0 8000.0
P  5.0 75.0 8000.0
P  5.0 75.0 8000.0
P  5.0 75.0 8000.0
P  5.0 75.0 8000.0
P  5.0 75.0 8000.0
P  5.0 75.0 8000.0
P  5.0 75.0 8000.0
P  5.0 75.0 8000.0
P  5.0 75.0 8000.0
P  5.0 75.0 8000.0
P  5.0 75.0 8000.0
P  5.0 75.0 8000.0
P  5.0 75.0 8000.0
P  5.0 75.0 8000.0
P  5.0 75.0 8000.0
P  5.0 75.0 8000.0
P  5.0 75.0 8000.0
P  5.0 75.0 8000.0
P  5.0 75.0 8000.0
P  5.0 75.0 8000.0
P  5.0 75.0 8000.0
P  5.0 75.0 8000.0
P  5.0 75.0 8000.0
P  5.0 75.0 8000.0
P  5.0 75.0 8000.0
P  5.0 75.0 8000.0
P  5.0 75.0 8000.0
P  5.0 75.0 8000.0
P  5.0 75.0 8000.0
P  5.0 75.0 8000.0
P  5.0 75.0 8000.0
P  5.0 75.0 8000.0
P  5.0 75.0 8000.0
P  5.0 75.0 8000.0
P  5.0 75.0 8000.0
P  5.0 75.0 8000.0
P  5.0 75.0 8000.0
P  5.0 75.0 8000.0
P  5.0 75.0 8000.0
P  5.0 75.0 8000.0
P  5.0 75.0 8000.0
P  5.0 75.0 8000.0
P  5.0 75.0 8000.0
P  5.0 75.0 8000.0
P  5.0 75.0 8000.0
P  5.0 75.0 8000.0
P  5.0 75.0 8000.0
P  5.0 75.0 8000.0
P  5.0 75.0 8000.0
P  5.0 75.0 8000.0
P  5.0 75.0 8000.0
P  5.0 75.0 8000.0
P  5.0 75.0 8000.0
P  5.0 75.0 8000.0
P  5.0 75.0 8000.0
P  5.0 75.0 8000.0
P  5.0 75.0 8000.0
P  5.0 75.0 8000.0
P  5.0 75.0 8000.0
P  5.0 75.0 8000.0
P  5.0 75.0 8000.0
P  5.0 75.0 8000.0
P  5.0 75.0 8000.0
P  5.0 75.0 8000.0
P  5.0 75.0 8000.0
P  5.0 75.0 8000.0
P  5.0 75.0 8000.0
P  5.0 75.0 8000.0
P  5.0 75.0 8000.0
P  5.0 75.0 8000.0
P  5.0 75.0 8000.0
P  5.0 75.0 8000.0
P  5.0 75.0 8000.0
P  5.0 75.0 8000.0
P  5.0 75.0 8000.0

L 73.0 19.0
L 28.0 11.0
L 73.0 19.0
L 28.0 11.0
L 73.0 19.0
L 28.0 11.0
L 73.0 19.0
L 73.0 19.0
L 73.0 19.0
L 73.0 19.0
L 73.0 19.0
L 73.0 19.0
L 73.0 19.0
L 73.0 19.0
L 73.0 19.0
L 73.0 19.0
L 73.0 19.0
L 73.0 19.0
L 73.0 19.0
L 73.0 19.0
L 73.0 19.0
L 73.0 19.0
L 73.0 19.0
L 73.0 19.0
L 73.0 19.0
L 73.0 19.0
L 73.0 19.0
L 73.0 19.0
L 73.0 19.0
L 73.0 19.0
L 73.0 19.0
L 73.0 19.0
L 73.0 19.0
L 73.0 19.0
L 73.0 19.0
L 73.0 19.0
L 73.0 19.0
L 73.0 19.0
L 73.0 19.0
L 73.0 19.0
L 73.0 19.0
L 73.0 19.0
L 73.0 19.0
L 73.0 19.0
L 73.0 19.0
L 73.0 19.0
L 73.0 19.0
L 73.0 19.0
L 73.0 19.0
L 73.0 19.0
L 73.0 19.0
L 73.0 19.0
L 73.0 19.0
L 73.0 19.0
L 73.0 19.0
L 73.0 19.0
L 73.0 19.0
L 73.0 19.0
L 73.0 19.0
L 73.0 19.0
L 73.0 19.0
L 73.0 19.0
L 73.0 19.0
L 73.0 19.0
L 73.0 19.0
L 73.0 19.0
L 73.0 19.0
L 73.0 19.0
L 73.0 19.0
L 73.0 19.0
L 73.0 19.0
L 73.0 19.0
L 73.0 19.0
L 73.0 19.0
L 73.0 19.0
L 73.0 19.0
L 73.0 19.0
L 73.0 19.0
L 73.0 19.0
L 73.0 19.0
L 73.0 19.0
L 73.0 19.0
L 73.0 19.0
L 73.0 19.0
L 73.0 19.0
L 73.0 19.0
L 73.0 19.0
L 73.0 19.0
L 73.0 19.0
L 73.0 19.0
L 73.0 19.0
L 73.0 19.0
L 73.0 19.0
L 73.0 19.0
L 73.0 19.0
L 73.0 19.0
L 73.0 19.0
L 73.0 19.0
L 73.0 19.0
L 73.0 19.0
L 73.0 19.0
L 73.0 19.0
L 73.0 19.0
L 73.0 19.0
L 73.0 19.0
L 73.0 19.0
L 73.0 19.0
L 73.0 19.0
L 73.0 19.0
L 73.0 19.0
L 73.0 19.0
L 73.0 19.0
L 73.0 19.0
L 73.0 19.0
L 73.0 19.0
L 73.0 19.0
L 73.0 19.0
L 73.0 19.0
L 73.0 19.0
L 73.0 19.0
L 73.0 19.0
L 73.0 19.0
L 73.0 19.0
L 73.0 19.0
L 73.0 19.0
L 73.0 19.0
L 73.0 19.0
L 73.0 19.0
L 73.0 19.0
L 73.0 19.0
L 73.0 19.0
L 73.0 19.0
L 73.0 19.0
L 73.0 19.0
L 73.0 19.0
L 73.0 19.0
L 73.0 19.0
L 73.0 19.0
L 73.0 19.0
L 73.0 19.0
L 73.0 19.0
L 73.0 19.0
L 73.0 19.0
L 73.0 19.0
L 73.0 19.0
L 73.0 19.0
L 73.0 19.0
L 73.0 19.0
L 73.0 19.0
L 73.0 19.0
L 73.0 19.0
L 73.0 19.0
L 73.0 19.0
L 73.0 19.0
L 73.0 19.0

