P  0.0  0.0 10000.0
P 50.0 50.0  7000.0
P 50.0 50.0  7000.0
P 50.0 50.0  7000.0
P 50.0 50.0  7000.0
P 50.0 50.0  7000.0
P 50.0 50.0  7000.0
P 50.0 50.0  7000.0
P 50.0 50.0  7000.0
P 50.0 50.0  7000.0
P 50.0 50.0  7000.0
P 50.0 50.0  7000.0
P 50.0 50.0  7000.0
P 50.0 50.0  7000.0
P 50.0 50.0  7000.0
P 50.0 50.0  7000.0
P 50.0 50.0  7000.0
P 50.0 50.0  7000.0
P 50.0 50.0  7000.0
P 50.0 50.0  7000.0
P 50.0 50.0  7000.0
P 50.0 50.0  7000.0
P 50.0 50.0  7000.0
P 50.0 50.0  7000.0
P 50.0 50.0  7000.0
P 50.0 50.0  7000.0
P 50.0 50.0  7000.0
P 50.0 50.0  7000.0
P 50.0 50.0  7000.0
P 50.0 50.0  7000.0
P 50.0 50.0  7000.0
P 50.0 50.0  7000.0
P 50.0 50.0  7000.0
P 50.0 50.0  7000.0
P 50.0 50.0  7000.0
P 50.0 50.0  7000.0
P 50.0 50.0  7000.0
P 50.0 50.0  7000.0
P 50.0 50.0  7000.0
P 50.0 50.0  7000.0
P 50.0 50.0  7000.0
P 50.0 50.0  7000.0
P 50.0 50.0  7000.0
P 50.0 50.0  7000.0
P 50.0 50.0  7000.0
P 50.0 50.0  7000.0
P 50.0 50.0  7000.0
P 50.0 50.0  7000.0
P 50.0 50.0  7000.0
P 50.0 50.0  7000.0
P 50.0 50.0  7000.0
P 50.0 50.0  7000.0
P 50.0 50.0  7000.0
P 50.0 50.0  7000.0
P 50.0 50.0  7000.0
P 50.0 50.0  7000.0
P 50.0 50.0  7000.0
P 50.0 50.0  7000.0
P 50.0 50.0  7000.0
P 50.0 50.0  7000.0
P 50.0 50.0  7000.0
P 50.0 50.0  7000.0
P 50.0 50.0  7000.0
P 50.0 50.0  7000.0
P 50.0 50.0  7000.0
P 50.0 50.0  7000.0
P 50.0 50.0  7000.0
P 50.0 50.0  7000.0
P 50.0 50.0  7000.0
P 50.0 50.0  7000.0
P 50.0 50.0  7000.0
P 50.0 50.0  7000.0
P 50.0 50.0  7000.0
P 50.0 50.0  7000.0
P 50.0 50.0  7000.0
P 50.0 50.0  7000.0
P 50.0 50.0  7000.0
P 50.0 50.0  7000.0
P 50.0 50.0  7000.0
P 50.0 50.0  7000.0
P 50.0 50.0  7000.0
P 50.0 50.0  7000.0
P 50.0 50.0  7000.0
P 50.0 50.0  7000.0
P 50.0 50.0  7000.0
P 50.0 50.0  7000.0
P 50.0 50.0  7000.0
P 50.0 50.0  7000.0
P 50.0 50.0  7000.0
P 50.0 50.0  7000.0
P 50.0 50.0  7000.0
P 50.0 50.0  7000.0
P 50.0 50.0  7000.0
P 50.0 50.0  7000.0
P 50.0 50.0  7000.0
P 50.0 50.0  7000.0
P 50.0 50.0  7000.0
P 50.0 50.0  7000.0
P 50.0 50.0  7000.0
P 50.0 50.0  7000.0
L 40.0 40.0
L 40.0 40.0
L 40.0 40.0
L 40.0 40.0
L 40.0 40.0
L 40.0 40.0
L 40.0 40.0
L 40.0 40.0
L 40.0 40.0
L 40.0 40.0
L 40.0 40.0
L 40.0 40.0
L 40.0 40.0
L 40.0 40.0
L 40.0 40.0
L 40.0 40.0
L 40.0 40.0
L 40.0 40.0
L 40.0 40.0
L 40.0 40.0
L 40.0 40.0
L 40.0 40.0
L 40.0 40.0
L 40.0 40.0
L 40.0 40.0
L 40.0 40.0
L 40.0 40.0
L 40.0 40.0
L 40.0 40.0
L 40.0 40.0
L 40.0 40.0
L 40.0 40.0
L 40.0 40.0
L 40.0 40.0
L 40.0 40.0
L 40.0 40.0
L 40.0 40.0
L 40.0 40.0
L 40.0 40.0
L 40.0 40.0
L 40.0 40.0
L 40.0 40.0
L 40.0 40.0
L 40.0 40.0
L 40.0 40.0
L 40.0 40.0
L 40.0 40.0
L 40.0 40.0
L 40.0 40.0
L 40.0 40.0
L 40.0 40.0
L 40.0 40.0
L 40.0 40.0
L 40.0 40.0
L 40.0 40.0
L 40.0 40.0
L 40.0 40.0
L 40.0 40.0
L 40.0 40.0
L 40.0 40.0
L 40.0 40.0
L 40.0 40.0
L 40.0 40.0
L 40.0 40.0
L 40.0 40.0
L 40.0 40.0
L 40.0 40.0
L 40.0 40.0
L 40.0 40.0
L 40.0 40.0
L 40.0 40.0
L 40.0 40.0
L 40.0 40.0
L 40.0 40.0
L 40.0 40.0
L 40.0 40.0
L 40.0 40.0
L 40.0 40.0
L 40.0 40.0
L 40.0 40.0
L 40.0 40.0
L 40.0 40.0
L 40.0 40.0
L 40.0 40.0
L 40.0 40.0
L 40.0 40.0
L 40.0 40.0
L 40.0 40.0
L 40.0 40.0
L 40.0 40.0
L 40.0 40.0
L 40.0 40.0
L 40.0 40.0
L 40.0 40.0
L 40.0 40.0
L 40.0 40.0
L 40.0 40.0
L 40.0 40.0
L 40.0 40.0
L 40.0 40.0

